1.000000000000000000e+00 5.185256857042253031e-01 8.879092702964573869e-01 3.574432970064069237e-01 8.904831537043713663e-01 8.878968958792072819e-01 9.157765861997075874e-01 2.914319800096267787e-01 6.584141575362216781e-01 4.107468395861131327e-01 9.414289298076025103e-01 9.073135344463240104e-01 3.341751177390505090e-01 3.385307872443336641e-01 9.413034986352445399e-01 8.885179516046083359e-01 5.803552348309044540e-01 9.318937109700062837e-01 9.675638653249128973e-01 8.810151784015221033e-01 4.725699040331917122e-01 8.541663177155097708e-01 8.196927440672344689e-01 4.884780383095347900e-01 6.872765885699767541e-01 6.524657337788166700e-01 7.904423544437663152e-01 6.733916528175245553e-01 5.987442258849519083e-01 8.354181738077466335e-01 2.620309616150236498e-01 2.646318944738604295e-01 3.719614994413897313e-01 9.131636500543681700e-01 7.166417021460534942e-01 8.439408563375577765e-01 7.945158435868875380e-01 9.099125564413835798e-01 9.079946446297860740e-01 8.550436690665833561e-01 8.199076174222155178e-01 9.227877640613373345e-01 7.862333295089362073e-01 8.460264558966864579e-01 2.585847952656297188e-01 6.570386064445249419e-01 8.128579019378517900e-01 7.934131933601815678e-01 8.974907871552972871e-01 6.427108958223720636e-01 6.199906774552983446e-01 8.596161836456778227e-01
5.185256857042253031e-01 1.000000000000000000e+00 2.624831906557548722e-01 3.749317764152279575e-01 4.041319437905310785e-01 5.529592164263472664e-01 4.117984753563216915e-01 2.446833405565684849e-01 4.357639362808070072e-01 6.407435946046307063e-01 4.942380550863483823e-01 4.652438287186859145e-01 2.942026857962157238e-01 2.458672563537873390e-01 4.137913838306845338e-01 6.747230254696848784e-01 5.582117382598332789e-01 5.437022098591064445e-01 5.586390486782305542e-01 3.311497753802871702e-01 1.994525427050321820e-01 3.871042698251231373e-01 2.801108453967094958e-01 1.301410407115942414e-01 5.417158370231540676e-01 4.952644413862182238e-01 7.625174732542537859e-01 2.741946646809771404e-01 6.586094874365037155e-01 2.964304026752526688e-01 7.535860887882557257e-01 6.723611082919586091e-01 2.852998915423983206e-01 3.662496785942473965e-01 2.533324062114611364e-01 5.802959990249192401e-01 5.701800009947325387e-01 4.703473249897219821e-01 6.403813463437778575e-01 6.752463776641929316e-01 4.101062644593634898e-01 4.252598556222936810e-01 7.476407670579121589e-01 5.660711528073800736e-01 4.125186319972335980e-01 3.467566080691993902e-01 3.952015392101283497e-01 6.442665508211071757e-01 6.062281491431354974e-01 5.256729701119922105e-01 2.339259156103412340e-01 2.562648444961851957e-01
8.879092702964573869e-01 2.624831906557548722e-01 1.000000000000000000e+00 5.259872892048315096e-01 8.293876148521878156e-01 8.276632848394003261e-01 9.298677170932261316e-01 3.003862318468271675e-01 4.294237726114100706e-01 1.950185586913317781e-01 8.134966311282653129e-01 8.499450704421271929e-01 2.431464775092803121e-01 3.693178271396503343e-01 8.658879745072286527e-01 7.138941079059405448e-01 4.323430745335038461e-01 7.477243155377146788e-01 8.842522922950037945e-01 8.820042911368802807e-01 5.242158004540040661e-01 8.562225644021248527e-01 8.593062417004244669e-01 6.366863992925365645e-01 5.702841965054787909e-01 5.674835235022184232e-01 5.231541500541653233e-01 6.580800074271184741e-01 4.687390326217338310e-01 8.014589949670311020e-01 2.797975107208056089e-01 3.937667645469252742e-01 4.453554357658631724e-01 8.948352689896802437e-01 7.288819924538955108e-01 7.116622050485613693e-01 7.445034113889907879e-01 7.842795174267093161e-01 7.642816803105896284e-01 6.886276624218620190e-01 6.842645446968318446e-01 8.348530876381121679e-01 5.808969412254019193e-01 6.120128856571616094e-01 3.445450571177480215e-01 5.819367396169934370e-01 6.754766199979754804e-01 5.739635607666485617e-01 7.806971016999911805e-01 4.304628096148733207e-01 6.690088545537326015e-01 9.211833681877619195e-01
3.574432970064069237e-01 3.749317764152279575e-01 5.259872892048315096e-01 1.000000000000000000e+00 4.255938659568916926e-01 3.243202501398734783e-01 4.310409535477093268e-01 2.740072135931121977e-01 3.406738020820105906e-01 5.393616939830923052e-01 3.886582819949198075e-01 3.806754668083817128e-01 2.226019310750676772e-01 4.051393383508901658e-01 3.697157312539338658e-01 3.101130425214848052e-01 3.143041895685632636e-01 3.302573204955196462e-01 3.488852083745133115e-01 3.643056964315405932e-01 4.432639898273689760e-01 3.538056495725632744e-01 5.119805150126167659e-01 5.631544510176806906e-01 3.495149326747984952e-01 3.765302097431160178e-01 2.770639314409426568e-01 5.190615921719015091e-01 4.914144521525677933e-01 4.819048985727074630e-01 5.163586923664286177e-01 5.721971780132671936e-01 5.316800641819817708e-01 5.139443480950762755e-01 5.740108582722865949e-01 2.730155058111278232e-01 2.598349694958621559e-01 3.796845043085232962e-01 3.194091974555300917e-01 3.102135762450470846e-01 3.978575475590811483e-01 4.921580433072660909e-01 2.322233996810841028e-01 3.021236175627578513e-01 2.453508226230894651e-01 2.462871712247970690e-01 3.985575794076370859e-01 3.325678235540387440e-01 3.125780189765195449e-01 2.663682971183264359e-01 2.982436834866248332e-01 4.637107495327924545e-01
8.904831537043713663e-01 4.041319437905310785e-01 8.293876148521878156e-01 4.255938659568916926e-01 1.000000000000000000e+00 8.246313002412313242e-01 8.018315185889376417e-01 2.211583667718128587e-01 5.477991114533605765e-01 2.272179036043815992e-01 9.142633554354820946e-01 8.304085054178615977e-01 1.749163230925768475e-01 2.673014915127867597e-01 8.932537066704473450e-01 7.792276498562560327e-01 4.265738848034173469e-01 8.152003551878433951e-01 8.868596733205534877e-01 7.982317159891030300e-01 4.501076564740689734e-01 7.576722365427475125e-01 8.566645585225100001e-01 4.674673909129600236e-01 4.974546082092011767e-01 4.687859682113763027e-01 6.291658407456857116e-01 7.971702894875792866e-01 5.168113743132800586e-01 8.432003687660828417e-01 2.291959761409464447e-01 2.572313016904618777e-01 4.138479940675595103e-01 8.997125363181205371e-01 7.245178379171852701e-01 6.498764459952669492e-01 7.129244318533354274e-01 8.961194126426336171e-01 7.640285383725854418e-01 7.005089842388511068e-01 8.119751683347388171e-01 8.704388998753153084e-01 6.473480227309047486e-01 7.712095866571128111e-01 1.973664006713537755e-01 4.855421504153055734e-01 7.909093680246065405e-01 6.226122481978864087e-01 8.170871630531677532e-01 4.423916314451590837e-01 4.917455110722634415e-01 8.149926516242290697e-01
8.878968958792072819e-01 5.529592164263472664e-01 8.276632848394003261e-01 3.243202501398734783e-01 8.246313002412313242e-01 1.000000000000000000e+00 8.855015668642469695e-01 3.554338171410429403e-01 5.088521701316447432e-01 3.868325767167586360e-01 8.230403968254488278e-01 9.201737331185640967e-01 2.380372118170870355e-01 3.548575767437214812e-01 8.121737190494534575e-01 8.683055765670544268e-01 6.307122394039768043e-01 8.017441201403553430e-01 9.191309913845806534e-01 8.849425395914832793e-01 6.313139717029174758e-01 8.193470588155709056e-01 8.374953619886298384e-01 6.442120303995740871e-01 7.021181642765134123e-01 6.838820614126733810e-01 7.597405744642382608e-01 6.727592628836791544e-01 5.401168592571579108e-01 6.951404476091285201e-01 3.579732686908116412e-01 4.013338642896471242e-01 4.217215210124947156e-01 8.217745069134672065e-01 5.788178317616955448e-01 8.359630313223791465e-01 8.835426947897756511e-01 8.003990126547636530e-01 8.680327115944906913e-01 8.221560020289262471e-01 6.983572332076235512e-01 7.912040866879046508e-01 7.734842880672103682e-01 7.048723853431468900e-01 2.866166060512703173e-01 6.789743356510339334e-01 6.568268322158153927e-01 7.555083825704851375e-01 9.813187845059643255e-01 5.481667198199321467e-01 6.304208726625045722e-01 8.638154574181640122e-01
9.157765861997075874e-01 4.117984753563216915e-01 9.298677170932261316e-01 4.310409535477093268e-01 8.018315185889376417e-01 8.855015668642469695e-01 1.000000000000000000e+00 3.187438375595695872e-01 5.467827910899787369e-01 3.879870672401966591e-01 8.187565168267267879e-01 8.971234053576928602e-01 2.705066573765397275e-01 3.825632693801148121e-01 8.605802425908696263e-01 8.173507398495323262e-01 6.111597420195424846e-01 8.088462435390888494e-01 9.131478777924002532e-01 9.136941784467873529e-01 5.569258450130070148e-01 8.767247750079038005e-01 8.481013406153284917e-01 6.592176577586958963e-01 7.085526139400006862e-01 6.959249783204491946e-01 6.986171145153534656e-01 6.091373487087970995e-01 5.746512722331783563e-01 7.535214417669832132e-01 3.092845859904670425e-01 4.060161729083123783e-01 4.968546282334668773e-01 8.668267020816761148e-01 6.638068391026439308e-01 8.393227457395009417e-01 8.060863377464196899e-01 7.812827990668730349e-01 8.335857002378688208e-01 7.735647850719452601e-01 6.818984200660569428e-01 8.306362714324817542e-01 7.321466544710522051e-01 6.883228403528987016e-01 2.408417970669424202e-01 6.911833311514949951e-01 6.979125972714389503e-01 7.369283841864625595e-01 8.621368848533175200e-01 5.790712905830949220e-01 7.086032041748097088e-01 9.117720962127737749e-01
2.914319800096267787e-01 2.446833405565684849e-01 3.003862318468271675e-01 2.740072135931121977e-01 2.211583667718128587e-01 3.554338171410429403e-01 3.187438375595695872e-01 1.000000000000000000e+00 4.299158561387854682e-01 2.619727915879009328e-01 2.566743778795216313e-01 3.077230648001847979e-01 3.581127940959051847e-01 2.543322092288085035e-01 2.341160275798158663e-01 2.518554899120058477e-01 2.329180556779105737e-01 2.886059139042498889e-01 2.803662805908905264e-01 3.375498005628186915e-01 2.143130518183629651e-01 3.277741404445497220e-01 3.393145962280779693e-01 2.152747049156025494e-01 2.941420313552691734e-01 3.192843611949707783e-01 2.444987382193679060e-01 2.572065741263441230e-01 2.644578818649793162e-01 3.075747628561149027e-01 2.348931856196870560e-01 2.424456593959947170e-01 1.742731110430868757e-01 2.644910248354859772e-01 3.298787112274238487e-01 3.558898566546233044e-01 2.859766508275394248e-01 2.474857314345587089e-01 2.996974918830199730e-01 2.880188163447219285e-01 3.173688912665269535e-01 2.980689972825431022e-01 2.092195825694478928e-01 3.152666417489561890e-01 5.414479951100956701e-01 2.246413945144101476e-01 3.338819086733023633e-01 3.174583421756245194e-01 3.185245182535253461e-01 2.791515821399397357e-01 5.796432726534416213e-01 3.152332875810392454e-01
6.584141575362216781e-01 4.357639362808070072e-01 4.294237726114100706e-01 3.406738020820105906e-01 5.477991114533605765e-01 5.088521701316447432e-01 5.467827910899787369e-01 4.299158561387854682e-01 1.000000000000000000e+00 6.570646882973979475e-01 7.426825570048098957e-01 5.681222186776598848e-01 5.604823959163168778e-01 5.373943075291652827e-01 6.572685736989468674e-01 7.151418631490220612e-01 6.032791294328776477e-01 7.571218245133957137e-01 5.970113663209932753e-01 4.842124870990006102e-01 3.659718170282943439e-01 4.553891119078513627e-01 3.390434626546918184e-01 3.379331312859690239e-01 6.748540136976945991e-01 6.505171655124345476e-01 7.034318085316573210e-01 3.390911480248531840e-01 6.136235043721053328e-01 7.280957904878908593e-01 3.536344207326554967e-01 3.749561490877786896e-01 3.291068898954410127e-01 6.268440099290232270e-01 6.979310395300845071e-01 6.682813884047220654e-01 4.151594719829352353e-01 7.676199871683182518e-01 6.739541667532777947e-01 6.646798522444152812e-01 7.575862210990373935e-01 7.217393858224724346e-01 6.579867083771263614e-01 8.682408390162678069e-01 1.969327274078394308e-01 4.453225389325997097e-01 7.980217290710103217e-01 7.566634307431669981e-01 5.838703678302926692e-01 7.294233455115822773e-01 4.997687276988776461e-01 4.004443005155647328e-01
4.107468395861131327e-01 6.407435946046307063e-01 1.950185586913317781e-01 5.393616939830923052e-01 2.272179036043815992e-01 3.868325767167586360e-01 3.879870672401966591e-01 2.619727915879009328e-01 6.570646882973979475e-01 1.000000000000000000e+00 3.817042487904941939e-01 4.305811883508380844e-01 4.906524893900495732e-01 6.182442325995809451e-01 3.486397577154968230e-01 5.574778155617201580e-01 4.971980274897988550e-01 4.878363558011721279e-01 4.142002308722337878e-01 2.826128891329874326e-01 5.110809999171969098e-01 3.257455671796107288e-01 2.640387051581090661e-01 4.490740760199250503e-01 5.271362321423999076e-01 4.952131287531857939e-01 6.756015697311418267e-01 2.959889942062970958e-01 7.440811093076875604e-01 2.926748045086169925e-01 6.943098427133366224e-01 7.478748229208567189e-01 5.689084021699795102e-01 2.903295469575097876e-01 3.072397734801254332e-01 5.058858923610520808e-01 2.903311337090464517e-01 3.756445772875524614e-01 5.037401204387711440e-01 5.209990034593848796e-01 3.398257792379885123e-01 3.826799061567361382e-01 5.897837237024307067e-01 5.990764733515104856e-01 3.262299947016040758e-01 3.406193010234033203e-01 3.914376722342121639e-01 6.086780972213607921e-01 4.498847780122117168e-01 6.597740962448029878e-01 3.550621292784799099e-01 3.172837947234070088e-01
9.414289298076025103e-01 4.942380550863483823e-01 8.134966311282653129e-01 3.886582819949198075e-01 9.142633554354820946e-01 8.230403968254488278e-01 8.187565168267267879e-01 2.566743778795216313e-01 7.426825570048098957e-01 3.817042487904941939e-01 1.000000000000000000e+00 8.588673517890615949e-01 2.923546111574221174e-01 2.181998739626482553e-01 9.449091029756232496e-01 8.664497805001136754e-01 5.364565519368442725e-01 9.390197432681083312e-01 9.036666405330335827e-01 7.928914342593966769e-01 3.253455652235482942e-01 7.412008165544639038e-01 7.659861116069544007e-01 3.559277076092316472e-01 6.153266979731517594e-01 5.761777182494554062e-01 7.630668132777731483e-01 6.946534143414808682e-01 5.502354227333541292e-01 8.962450041984298954e-01 2.574257786291149208e-01 2.209935765332363689e-01 2.758820525835359860e-01 9.167427467017661424e-01 7.782042016031522902e-01 7.463761945209090864e-01 7.246977960059172164e-01 9.719565466270759790e-01 8.435046678527763353e-01 7.920465919647893260e-01 8.899693165269579875e-01 9.395097515531902754e-01 7.346982472878686998e-01 9.062882526095280555e-01 2.067438534610809009e-01 5.638602376524117776e-01 8.909473033629142780e-01 7.718560591640032387e-01 8.550500444933335498e-01 6.147761835248474194e-01 5.519122769451511035e-01 7.666978994334734399e-01
9.073135344463240104e-01 4.652438287186859145e-01 8.499450704421271929e-01 3.806754668083817128e-01 8.304085054178615977e-01 9.201737331185640967e-01 8.971234053576928602e-01 3.077230648001847979e-01 5.681222186776598848e-01 4.305811883508380844e-01 8.588673517890615949e-01 1.000000000000000000e+00 2.946138493182962059e-01 3.737651065797336636e-01 8.278424653135885158e-01 8.192792142645545228e-01 6.409349686635880117e-01 8.506454133150891384e-01 8.898456012267962345e-01 9.097549027170831470e-01 6.337904570906146562e-01 7.915886989071804214e-01 8.658727310997750282e-01 6.601368626267924977e-01 6.549453534386898701e-01 6.400170034022367727e-01 7.246508339555639555e-01 6.511314056167379904e-01 5.183811720268958201e-01 7.353898546117397794e-01 3.558239156982672124e-01 4.603208640367502102e-01 5.148586823372698351e-01 8.539265123985452233e-01 6.256062131284947370e-01 8.219324992380575567e-01 8.417627984649167505e-01 8.336149770015982563e-01 8.385087347671797975e-01 7.836812104040173921e-01 7.560283429142492517e-01 8.569708874388570763e-01 7.013100355698163035e-01 7.637592859237832821e-01 2.039616677589774496e-01 8.034302011411821320e-01 7.170738427361090794e-01 7.378117835731827778e-01 9.090350847499850673e-01 5.530948506716563129e-01 7.051061325344623043e-01 9.077845235767111332e-01
3.341751177390505090e-01 2.942026857962157238e-01 2.431464775092803121e-01 2.226019310750676772e-01 1.749163230925768475e-01 2.380372118170870355e-01 2.705066573765397275e-01 3.581127940959051847e-01 5.604823959163168778e-01 4.906524893900495732e-01 2.923546111574221174e-01 2.946138493182962059e-01 1.000000000000000000e+00 7.441114696440810361e-01 2.780427195628378256e-01 2.860623036816767328e-01 2.743451551200979943e-01 3.600873730910975623e-01 2.891093231099661209e-01 2.469838307041287706e-01 5.260772267314605122e-01 2.968460722465508517e-01 2.782690406766814561e-01 4.490103551810262217e-01 3.209105354950739786e-01 3.054431887077888597e-01 3.447017213037847916e-01 3.434253083273718365e-01 4.990579722808352048e-01 2.571472484026636751e-01 2.428059921917195274e-01 2.873796642673911439e-01 3.253828865898890088e-01 2.504412648735211966e-01 2.661005818353684993e-01 3.194039182733851012e-01 1.481025626388525196e-01 2.904994284337242272e-01 3.180215785983028787e-01 3.137327093776573483e-01 3.579723151399052394e-01 2.934914146539483459e-01 3.087575713432085256e-01 4.233436347198033523e-01 3.270552864183136621e-01 2.979600245174111040e-01 3.466476500487097323e-01 3.773152807750541626e-01 2.536722870935635976e-01 3.944414590618459115e-01 2.325569820754427308e-01 2.806720248774071669e-01
3.385307872443336641e-01 2.458672563537873390e-01 3.693178271396503343e-01 4.051393383508901658e-01 2.673014915127867597e-01 3.548575767437214812e-01 3.825632693801148121e-01 2.543322092288085035e-01 5.373943075291652827e-01 6.182442325995809451e-01 2.181998739626482553e-01 3.737651065797336636e-01 7.441114696440810361e-01 1.000000000000000000e+00 2.386072137343976107e-01 2.775168844189275785e-01 3.132786021347537253e-01 2.799127559537364363e-01 3.434763886871983751e-01 3.845593724120802692e-01 7.472498718186777467e-01 3.190269638615451098e-01 4.600279086425624331e-01 6.747749308481926223e-01 3.237632107857997266e-01 3.265077105844418348e-01 2.565992106199223577e-01 5.718083888831017036e-01 5.821759188520888584e-01 2.425557842820785515e-01 2.591358413111811143e-01 3.864767810349272747e-01 5.754269877787208110e-01 2.371618102369392189e-01 2.681604928265530763e-01 3.853308547224348346e-01 3.001395362642679809e-01 2.309954276339224177e-01 3.817794848383936901e-01 3.760462310126814200e-01 2.166594995348181119e-01 2.522018699972192191e-01 2.897836893157750837e-01 3.330299194964316811e-01 2.388933320059512255e-01 3.581238044771557494e-01 2.880485956746869913e-01 3.230233336642761022e-01 2.892669023904430592e-01 4.351230706786983760e-01 3.078110333357525485e-01 4.210371906337098125e-01
9.413034986352445399e-01 4.137913838306845338e-01 8.658879745072286527e-01 3.697157312539338658e-01 8.932537066704473450e-01 8.121737190494534575e-01 8.605802425908696263e-01 2.341160275798158663e-01 6.572685736989468674e-01 3.486397577154968230e-01 9.449091029756232496e-01 8.278424653135885158e-01 2.780427195628378256e-01 2.386072137343976107e-01 1.000000000000000000e+00 8.034179612950185234e-01 4.478346147584205128e-01 8.889771971518157789e-01 9.077850290098018471e-01 8.159628369853662022e-01 3.622509310387487247e-01 7.990618474290742679e-01 7.808141711887399694e-01 4.051505953709038654e-01 5.540036339187381920e-01 5.170511042864167628e-01 6.978131146189590073e-01 6.671131403507825075e-01 5.045587810380142146e-01 8.696281155528525764e-01 2.199949099090127425e-01 2.021527122863185366e-01 3.130410722640361021e-01 9.145134447828808799e-01 7.517804741269192847e-01 7.249185195590737152e-01 6.959265772903480141e-01 9.253337337276654750e-01 8.021084801110874851e-01 7.364397610416515416e-01 8.202055602660450750e-01 9.074592233521244777e-01 6.755674571265651851e-01 8.404543466958322995e-01 2.700902984977491261e-01 5.249393747540023192e-01 8.264598277983771224e-01 6.816272475776448125e-01 8.190408910721039826e-01 5.785675997394590375e-01 5.410066751246517258e-01 8.130224399670127333e-01
8.885179516046083359e-01 6.747230254696848784e-01 7.138941079059405448e-01 3.101130425214848052e-01 7.792276498562560327e-01 8.683055765670544268e-01 8.173507398495323262e-01 2.518554899120058477e-01 7.151418631490220612e-01 5.574778155617201580e-01 8.664497805001136754e-01 8.192792142645545228e-01 2.860623036816767328e-01 2.775168844189275785e-01 8.034179612950185234e-01 1.000000000000000000e+00 7.425625794073458241e-01 8.774802226513848113e-01 9.161282685930653980e-01 7.328728825861411389e-01 3.672143801635979754e-01 7.872540790063765614e-01 6.489623544919354003e-01 3.669704667044768054e-01 8.491126427859519987e-01 8.053471790441533162e-01 9.248942969979067064e-01 5.723397364934992293e-01 7.355365853866872028e-01 7.270726501116181462e-01 4.315765442945637131e-01 3.965361237914715731e-01 2.206114664620799359e-01 8.024623823873207051e-01 6.433830310821883058e-01 8.838619826129763268e-01 8.107923388579068025e-01 8.413132291031057974e-01 9.365771848074176953e-01 9.122421300803940092e-01 7.735468732274962678e-01 8.224803979490773465e-01 9.285329495673929623e-01 8.136889937053974897e-01 1.920986652814037909e-01 6.315295163881616824e-01 7.536928815075051302e-01 9.466636422737382262e-01 9.137445572218280132e-01 7.781271266193878766e-01 5.480160475514701535e-01 6.861568588955191395e-01
5.803552348309044540e-01 5.582117382598332789e-01 4.323430745335038461e-01 3.143041895685632636e-01 4.265738848034173469e-01 6.307122394039768043e-01 6.111597420195424846e-01 2.329180556779105737e-01 6.032791294328776477e-01 4.971980274897988550e-01 5.364565519368442725e-01 6.409349686635880117e-01 2.743451551200979943e-01 3.132786021347537253e-01 4.478346147584205128e-01 7.425625794073458241e-01 1.000000000000000000e+00 6.028636870062686892e-01 6.045442312605807667e-01 5.881805368178451010e-01 4.710402970391021626e-01 5.309999186382617919e-01 4.216911138187360852e-01 3.736283881543011609e-01 8.365485000465685550e-01 8.395453732707969241e-01 7.297358053543879786e-01 2.466486237799435099e-01 6.758969921531682301e-01 4.236428728743447669e-01 3.876676024569138956e-01 4.218708561845608274e-01 3.651296651086327616e-01 4.477386596604517321e-01 3.835661926754213025e-01 7.592821641257887499e-01 6.704734583341479537e-01 4.841265107388666999e-01 7.112546253445285460e-01 7.229935344230540295e-01 4.105663346496538635e-01 5.060844430971835894e-01 8.033296594734420371e-01 5.791584497575235080e-01 1.553938397988186837e-01 7.230181016644176006e-01 5.174765036710338162e-01 7.934186956605947527e-01 6.514707488153373971e-01 6.024075433331348428e-01 6.572059318591874089e-01 5.443081660363721097e-01
9.318937109700062837e-01 5.437022098591064445e-01 7.477243155377146788e-01 3.302573204955196462e-01 8.152003551878433951e-01 8.017441201403553430e-01 8.088462435390888494e-01 2.886059139042498889e-01 7.571218245133957137e-01 4.878363558011721279e-01 9.390197432681083312e-01 8.506454133150891384e-01 3.600873730910975623e-01 2.799127559537364363e-01 8.889771971518157789e-01 8.774802226513848113e-01 6.028636870062686892e-01 1.000000000000000000e+00 8.740419038113642625e-01 7.816593761295310694e-01 3.148695142945419079e-01 7.249214030739222769e-01 6.935637876484219699e-01 3.269058124625702777e-01 6.956369855599746632e-01 6.609855857387435529e-01 8.173872336514866888e-01 5.889871474809565965e-01 5.857391543367602704e-01 8.341927573156237008e-01 2.694646100836324276e-01 2.330517773421421912e-01 2.908836225897304950e-01 8.417085351258062342e-01 7.104962610930761757e-01 8.109789565784706333e-01 7.236910348817614524e-01 9.157861711672300453e-01 8.726435933127935085e-01 8.320469643167803797e-01 8.511180519948712275e-01 9.091445151287991244e-01 7.700436041187549430e-01 9.033577570803207335e-01 1.973397848613563932e-01 6.333065878538766125e-01 8.723514163706848068e-01 8.369317111452921898e-01 8.527021187308472250e-01 6.888868729233864618e-01 5.749269625169075582e-01 7.103315288135291228e-01
9.675638653249128973e-01 5.586390486782305542e-01 8.842522922950037945e-01 3.488852083745133115e-01 8.868596733205534877e-01 9.191309913845806534e-01 9.131478777924002532e-01 2.803662805908905264e-01 5.970113663209932753e-01 4.142002308722337878e-01 9.036666405330335827e-01 8.898456012267962345e-01 2.891093231099661209e-01 3.434763886871983751e-01 9.077850290098018471e-01 9.161282685930653980e-01 6.045442312605807667e-01 8.740419038113642625e-01 1.000000000000000000e+00 8.647901294152677831e-01 5.050108337935632630e-01 8.800103665753503668e-01 8.256471586713974853e-01 5.197211058758756108e-01 7.134452374020976428e-01 6.801360927131566703e-01 8.139886405290546190e-01 6.935696170828409279e-01 6.216087747071651348e-01 7.877765162923295872e-01 3.394550514444964473e-01 3.250064717010562876e-01 3.311922890413031006e-01 8.896983853826266886e-01 6.814969676025236511e-01 8.649508362247756432e-01 8.475117462574690563e-01 8.770814777608014756e-01 9.329468533863453095e-01 8.864988191190392719e-01 7.694238680599481128e-01 8.716284430921940052e-01 8.343675611401621950e-01 7.824004623522190505e-01 2.512163429410658733e-01 6.217869782145007962e-01 7.531907072878368803e-01 7.971002749284522571e-01 9.163573832146978404e-01 6.315166353190687643e-01 6.011065501985147774e-01 8.645274581991971852e-01
8.810151784015221033e-01 3.311497753802871702e-01 8.820042911368802807e-01 3.643056964315405932e-01 7.982317159891030300e-01 8.849425395914832793e-01 9.136941784467873529e-01 3.375498005628186915e-01 4.842124870990006102e-01 2.826128891329874326e-01 7.928914342593966769e-01 9.097549027170831470e-01 2.469838307041287706e-01 3.845593724120802692e-01 8.159628369853662022e-01 7.328728825861411389e-01 5.881805368178451010e-01 7.816593761295310694e-01 8.647901294152677831e-01 1.000000000000000000e+00 6.584465194556919920e-01 8.195030990263881820e-01 8.363147778305134450e-01 6.818529447603842719e-01 6.518003124701261530e-01 6.599849799543112683e-01 5.795099667878657046e-01 5.943886119924437494e-01 4.725561478697343776e-01 7.288950785882724048e-01 2.417644896621540251e-01 3.634044275775509258e-01 5.212913738473008429e-01 8.163660840767844595e-01 6.149612986565506922e-01 7.661109880430794217e-01 8.278076078418071804e-01 7.514419437345496444e-01 8.079623139015967848e-01 7.483552431257561866e-01 6.821953307384633902e-01 7.999931634948997949e-01 6.237471442331264937e-01 6.603799389376473483e-01 2.650311307760425117e-01 7.103837049305337104e-01 6.787196843945553226e-01 6.541165723689742473e-01 8.463223839077684829e-01 4.459224180645298685e-01 7.529933140078678422e-01 9.194679412784777517e-01
4.725699040331917122e-01 1.994525427050321820e-01 5.242158004540040661e-01 4.432639898273689760e-01 4.501076564740689734e-01 6.313139717029174758e-01 5.569258450130070148e-01 2.143130518183629651e-01 3.659718170282943439e-01 5.110809999171969098e-01 3.253455652235482942e-01 6.337904570906146562e-01 5.260772267314605122e-01 7.472498718186777467e-01 3.622509310387487247e-01 3.672143801635979754e-01 4.710402970391021626e-01 3.148695142945419079e-01 5.050108337935632630e-01 6.584465194556919920e-01 1.000000000000000000e+00 5.118920294527380399e-01 6.321343077218120055e-01 7.800256334073280007e-01 4.008286106998353859e-01 4.395943754660895375e-01 2.122410435533567674e-01 5.748791403776328801e-01 4.073728361279410626e-01 2.625317432138821183e-01 2.221656627563625419e-01 4.010088473992702296e-01 5.939003314230805186e-01 4.132495677328893446e-01 2.211784245123870896e-01 4.841665871161168755e-01 6.019501461667978726e-01 3.113617451424939842e-01 5.012786441600221021e-01 4.926414503514734422e-01 2.247853217495012212e-01 3.579741552607369481e-01 3.431221391041045510e-01 2.882031757487762968e-01 1.438650081630220012e-01 5.577050766157641837e-01 2.169568257010787704e-01 3.240932289132134603e-01 5.425870795190400608e-01 2.743980563227154668e-01 4.611459520365779885e-01 6.712331747350880340e-01
8.541663177155097708e-01 3.871042698251231373e-01 8.562225644021248527e-01 3.538056495725632744e-01 7.576722365427475125e-01 8.193470588155709056e-01 8.767247750079038005e-01 3.277741404445497220e-01 4.553891119078513627e-01 3.257455671796107288e-01 7.412008165544639038e-01 7.915886989071804214e-01 2.968460722465508517e-01 3.190269638615451098e-01 7.990618474290742679e-01 7.872540790063765614e-01 5.309999186382617919e-01 7.249214030739222769e-01 8.800103665753503668e-01 8.195030990263881820e-01 5.118920294527380399e-01 1.000000000000000000e+00 7.800326268757943327e-01 5.740444589796763752e-01 6.822024582773837942e-01 6.614969982603742249e-01 6.684233779252779506e-01 5.857358681500045572e-01 5.504669961058271666e-01 6.704920875339662745e-01 2.874944129116861480e-01 3.237632737965791541e-01 3.887441322284680978e-01 7.864421782830073315e-01 5.888748237321114187e-01 7.678376029585124440e-01 7.700924765864987087e-01 7.087768396738969301e-01 7.977988689110975251e-01 7.452906770759696320e-01 6.093026320996696166e-01 7.364070801432874847e-01 7.090008029388961130e-01 6.161203999753941396e-01 2.592205459046409977e-01 5.941530253497521175e-01 5.741447139739288552e-01 6.861836216038532665e-01 7.967209622425075466e-01 5.959438589305051659e-01 6.187139559921903675e-01 8.232750057035563840e-01
8.196927440672344689e-01 2.801108453967094958e-01 8.593062417004244669e-01 5.119805150126167659e-01 8.566645585225100001e-01 8.374953619886298384e-01 8.481013406153284917e-01 3.393145962280779693e-01 3.390434626546918184e-01 2.640387051581090661e-01 7.659861116069544007e-01 8.658727310997750282e-01 2.782690406766814561e-01 4.600279086425624331e-01 7.808141711887399694e-01 6.489623544919354003e-01 4.216911138187360852e-01 6.935637876484219699e-01 8.256471586713974853e-01 8.363147778305134450e-01 6.321343077218120055e-01 7.800326268757943327e-01 1.000000000000000000e+00 7.322847575538845577e-01 4.567510398631087765e-01 4.613913171135333169e-01 4.763589580399661960e-01 8.340400048971101654e-01 4.566806355973814791e-01 6.832943291195602287e-01 2.982365770968863905e-01 4.075689844640009718e-01 6.371883875822988985e-01 8.142100744224950448e-01 5.749494786944081559e-01 6.399112479966396760e-01 7.549376808218973833e-01 7.366914260228401012e-01 6.943247248266513072e-01 6.188550498078631001e-01 6.194817978985140972e-01 7.524498751267937324e-01 5.128184514509841474e-01 5.861407393481407047e-01 2.857242701014705566e-01 6.326975565953817382e-01 5.944039363210135152e-01 4.938777570291462693e-01 7.882238740070809380e-01 2.976381680800770368e-01 6.100777071921552608e-01 8.738340289772940084e-01
4.884780383095347900e-01 1.301410407115942414e-01 6.366863992925365645e-01 5.631544510176806906e-01 4.674673909129600236e-01 6.442120303995740871e-01 6.592176577586958963e-01 2.152747049156025494e-01 3.379331312859690239e-01 4.490740760199250503e-01 3.559277076092316472e-01 6.601368626267924977e-01 4.490103551810262217e-01 6.747749308481926223e-01 4.051505953709038654e-01 3.669704667044768054e-01 3.736283881543011609e-01 3.269058124625702777e-01 5.197211058758756108e-01 6.818529447603842719e-01 7.800256334073280007e-01 5.740444589796763752e-01 7.322847575538845577e-01 1.000000000000000000e+00 4.190863402153393036e-01 4.559587324058978486e-01 2.059817890296911647e-01 6.223361068834377674e-01 3.702443838843901269e-01 3.402660061918152956e-01 3.116427177037818241e-01 4.696402023901080081e-01 6.618884584889915823e-01 4.749108783301245196e-01 3.059749304905419187e-01 5.143268381108669907e-01 6.329650697399753501e-01 3.271281134108032229e-01 4.600730114795570924e-01 4.018716896699099927e-01 2.519368798856712055e-01 4.124196622190708927e-01 2.933819113032568038e-01 2.659795110885061487e-01 1.361479116877790385e-01 5.119951532360673685e-01 2.683178473738561109e-01 3.060091452052188243e-01 5.567255177260609367e-01 1.636217146872575856e-01 5.062292448599837735e-01 6.845274364093204555e-01
6.872765885699767541e-01 5.417158370231540676e-01 5.702841965054787909e-01 3.495149326747984952e-01 4.974546082092011767e-01 7.021181642765134123e-01 7.085526139400006862e-01 2.941420313552691734e-01 6.748540136976945991e-01 5.271362321423999076e-01 6.153266979731517594e-01 6.549453534386898701e-01 3.209105354950739786e-01 3.237632107857997266e-01 5.540036339187381920e-01 8.491126427859519987e-01 8.365485000465685550e-01 6.956369855599746632e-01 7.134452374020976428e-01 6.518003124701261530e-01 4.008286106998353859e-01 6.822024582773837942e-01 4.567510398631087765e-01 4.190863402153393036e-01 1.000000000000000000e+00 9.912983557352248454e-01 7.891017506562235662e-01 2.823972527975870950e-01 7.015307303020561491e-01 5.425597366643102326e-01 3.578459090073766169e-01 3.949269957520288310e-01 3.371106220516494889e-01 5.974718849672491228e-01 5.521454488261046123e-01 8.286145005674505626e-01 6.859116334714078222e-01 5.754688110017471825e-01 8.220838031134005686e-01 8.217522007187065824e-01 5.420243324912467076e-01 6.410838129312226297e-01 8.380196556292565102e-01 6.365028786918718318e-01 1.763127288429261197e-01 6.489891163924527140e-01 5.818465176889505708e-01 9.010373163001588193e-01 7.439362883855110686e-01 7.417439556635693210e-01 6.154389401092771328e-01 5.818082086998944691e-01
6.524657337788166700e-01 4.952644413862182238e-01 5.674835235022184232e-01 3.765302097431160178e-01 4.687859682113763027e-01 6.838820614126733810e-01 6.959249783204491946e-01 3.192843611949707783e-01 6.505171655124345476e-01 4.952131287531857939e-01 5.761777182494554062e-01 6.400170034022367727e-01 3.054431887077888597e-01 3.265077105844418348e-01 5.170511042864167628e-01 8.053471790441533162e-01 8.395453732707969241e-01 6.609855857387435529e-01 6.801360927131566703e-01 6.599849799543112683e-01 4.395943754660895375e-01 6.614969982603742249e-01 4.613913171135333169e-01 4.559587324058978486e-01 9.912983557352248454e-01 1.000000000000000000e+00 7.312872613259318033e-01 2.749105107337031506e-01 6.577301587372293978e-01 5.250970253906352969e-01 3.317067098478911902e-01 3.893842274001422799e-01 3.690354354674871828e-01 5.715690206692590758e-01 5.428303111955780080e-01 8.071945102969988461e-01 6.795560561570282987e-01 5.342406847452910723e-01 7.931812413919033800e-01 7.948718946805636287e-01 5.120057268399059724e-01 6.128369768500152581e-01 7.962275239101921365e-01 5.939494285523563288e-01 1.851842120709844830e-01 6.354782215366476805e-01 5.647372196519495624e-01 8.664068629795255161e-01 7.140644597537586513e-01 6.921304206895434463e-01 6.337763575746000466e-01 5.991492782882059664e-01
7.904423544437663152e-01 7.625174732542537859e-01 5.231541500541653233e-01 2.770639314409426568e-01 6.291658407456857116e-01 7.597405744642382608e-01 6.986171145153534656e-01 2.444987382193679060e-01 7.034318085316573210e-01 6.756015697311418267e-01 7.630668132777731483e-01 7.246508339555639555e-01 3.447017213037847916e-01 2.565992106199223577e-01 6.978131146189590073e-01 9.248942969979067064e-01 7.297358053543879786e-01 8.173872336514866888e-01 8.139886405290546190e-01 5.795099667878657046e-01 2.122410435533567674e-01 6.684233779252779506e-01 4.763589580399661960e-01 2.059817890296911647e-01 7.891017506562235662e-01 7.312872613259318033e-01 1.000000000000000000e+00 3.841158985503208001e-01 7.585245439031015335e-01 5.732349146315557364e-01 5.973141720928467624e-01 5.271177627968457458e-01 1.732958774848662176e-01 6.602034288217928371e-01 5.078331068608432641e-01 8.568786047058760680e-01 7.204829175918867623e-01 7.323872243713520636e-01 8.589620009008392953e-01 8.465538325802119957e-01 6.583684372644397209e-01 7.184567370101070383e-01 9.192739468154328408e-01 7.937913196074278810e-01 2.927450845639329446e-01 6.162065775131733147e-01 6.471430059492401243e-01 8.982680210892538542e-01 8.299524405003633198e-01 7.845664172241365586e-01 4.630136292841425805e-01 5.088360205256551305e-01
6.733916528175245553e-01 2.741946646809771404e-01 6.580800074271184741e-01 5.190615921719015091e-01 7.971702894875792866e-01 6.727592628836791544e-01 6.091373487087970995e-01 2.572065741263441230e-01 3.390911480248531840e-01 2.959889942062970958e-01 6.946534143414808682e-01 6.511314056167379904e-01 3.434253083273718365e-01 5.718083888831017036e-01 6.671131403507825075e-01 5.723397364934992293e-01 2.466486237799435099e-01 5.889871474809565965e-01 6.935696170828409279e-01 5.943886119924437494e-01 5.748791403776328801e-01 5.857358681500045572e-01 8.340400048971101654e-01 6.223361068834377674e-01 2.823972527975870950e-01 2.749105107337031506e-01 3.841158985503208001e-01 1.000000000000000000e+00 5.249365002200815367e-01 6.054567634509389062e-01 1.906483132385434487e-01 2.194537964932087304e-01 5.021632510508760028e-01 6.786249000955831834e-01 4.680909838049138738e-01 4.418559718207696330e-01 6.135008385749658455e-01 6.833008895075095568e-01 5.666604858546052670e-01 5.066464358070658092e-01 5.714228033166812715e-01 6.199048912198188432e-01 4.159520938023973380e-01 5.328708799759739323e-01 1.944368474930762702e-01 3.393141538740516716e-01 5.531991220817041865e-01 3.981094469573833727e-01 6.299755038251853012e-01 2.996770288820924666e-01 3.009534403167000716e-01 6.504200272247498971e-01
5.987442258849519083e-01 6.586094874365037155e-01 4.687390326217338310e-01 4.914144521525677933e-01 5.168113743132800586e-01 5.401168592571579108e-01 5.746512722331783563e-01 2.644578818649793162e-01 6.136235043721053328e-01 7.440811093076875604e-01 5.502354227333541292e-01 5.183811720268958201e-01 4.990579722808352048e-01 5.821759188520888584e-01 5.045587810380142146e-01 7.355365853866872028e-01 6.758969921531682301e-01 5.857391543367602704e-01 6.216087747071651348e-01 4.725561478697343776e-01 4.073728361279410626e-01 5.504669961058271666e-01 4.566806355973814791e-01 3.702443838843901269e-01 7.015307303020561491e-01 6.577301587372293978e-01 7.585245439031015335e-01 5.249365002200815367e-01 1.000000000000000000e+00 4.682773742250800342e-01 5.833509341774301138e-01 6.049036366089697303e-01 4.927784575168712156e-01 5.051467723954615741e-01 4.327385385892533742e-01 6.493100611546858136e-01 4.859603570416334839e-01 4.972105095925317686e-01 6.593687023469461117e-01 6.511278250593751649e-01 4.502057979131581789e-01 5.350547372464641294e-01 7.437898668278076775e-01 5.833735399905334296e-01 4.265044828199489046e-01 5.035490327630854912e-01 4.928589063809120097e-01 7.683003921967411776e-01 5.888401041954417492e-01 7.417824076202221839e-01 5.104046506842268016e-01 4.576749212772193709e-01
8.354181738077466335e-01 2.964304026752526688e-01 8.014589949670311020e-01 4.819048985727074630e-01 8.432003687660828417e-01 6.951404476091285201e-01 7.535214417669832132e-01 3.075747628561149027e-01 7.280957904878908593e-01 2.926748045086169925e-01 8.962450041984298954e-01 7.353898546117397794e-01 2.571472484026636751e-01 2.425557842820785515e-01 8.696281155528525764e-01 7.270726501116181462e-01 4.236428728743447669e-01 8.341927573156237008e-01 7.877765162923295872e-01 7.288950785882724048e-01 2.625317432138821183e-01 6.704920875339662745e-01 6.832943291195602287e-01 3.402660061918152956e-01 5.425597366643102326e-01 5.250970253906352969e-01 5.732349146315557364e-01 6.054567634509389062e-01 4.682773742250800342e-01 1.000000000000000000e+00 1.675912720649509191e-01 2.243424731838153108e-01 2.839960096169176218e-01 9.094728579918660571e-01 8.950012318652078580e-01 6.152893503398711994e-01 5.561098952629761616e-01 9.178976702118620823e-01 7.157920425241409701e-01 6.646477712060244736e-01 8.675348982286742450e-01 9.112022206535810298e-01 5.727241462711847308e-01 7.975651968226471489e-01 3.017816675630971557e-01 4.423078529589332675e-01 8.706820145237581521e-01 6.521656990701094614e-01 7.127256726067695558e-01 5.071523991962670896e-01 5.446080985254253548e-01 7.450445433106792636e-01
