1.000000000000000000e+00 5.185256857042253031e-01 8.879092702964573869e-01 3.574432970064069237e-01 8.904831537043714773e-01 8.878968958792073929e-01 9.157765861997075874e-01 2.914319800096267787e-01 6.584141575362216781e-01 4.107468395861131882e-01 9.414289298076025103e-01 9.073135344463241214e-01 3.341751177390505645e-01 3.385307872443336086e-01 9.413034986352444289e-01 8.885179516046083359e-01 5.803552348309044540e-01 9.318937109700062837e-01 9.675638653249130083e-01 8.810151784015219922e-01 4.725699040331917122e-01 8.541663177155096598e-01 8.196927440672343579e-01 4.884780383095347900e-01 6.872765885699767541e-01 6.524657337788165590e-01 7.904423544437663152e-01 6.733916528175244443e-01 5.987442258849517973e-01 8.354181738077467445e-01 2.620309616150235943e-01 2.646318944738604295e-01 3.719614994413897868e-01 9.131636500543681700e-01 7.166417021460536052e-01 8.439408563375578876e-01 7.945158435868875380e-01 9.099125564413836909e-01 9.079946446297859630e-01 8.550436690665833561e-01 8.199076174222155178e-01 9.227877640613373345e-01 7.862333295089360963e-01 8.460264558966864579e-01 2.585847952656297188e-01 6.570386064445248309e-01 8.128579019378516790e-01 7.934131933601816788e-01 8.974907871552973981e-01 6.427108958223721746e-01 6.199906774552984556e-01 8.596161836456778227e-01
5.185256857042253031e-01 1.000000000000000000e+00 2.624831906557549277e-01 3.749317764152279020e-01 4.041319437905310785e-01 5.529592164263472664e-01 4.117984753563216360e-01 2.446833405565685127e-01 4.357639362808070072e-01 6.407435946046308173e-01 4.942380550863483268e-01 4.652438287186859700e-01 2.942026857962157238e-01 2.458672563537873113e-01 4.137913838306845338e-01 6.747230254696849894e-01 5.582117382598331679e-01 5.437022098591064445e-01 5.586390486782305542e-01 3.311497753802871702e-01 1.994525427050321265e-01 3.871042698251231373e-01 2.801108453967094958e-01 1.301410407115942414e-01 5.417158370231540676e-01 4.952644413862181683e-01 7.625174732542537859e-01 2.741946646809771404e-01 6.586094874365036045e-01 2.964304026752526133e-01 7.535860887882556147e-01 6.723611082919587201e-01 2.852998915423982651e-01 3.662496785942473965e-01 2.533324062114610808e-01 5.802959990249191291e-01 5.701800009947326497e-01 4.703473249897220376e-01 6.403813463437777465e-01 6.752463776641929316e-01 4.101062644593635453e-01 4.252598556222937365e-01 7.476407670579120479e-01 5.660711528073800736e-01 4.125186319972335425e-01 3.467566080691993902e-01 3.952015392101283497e-01 6.442665508211070646e-01 6.062281491431353864e-01 5.256729701119922105e-01 2.339259156103412063e-01 2.562648444961852512e-01
8.879092702964573869e-01 2.624831906557549277e-01 1.000000000000000000e+00 5.259872892048315096e-01 8.293876148521878156e-01 8.276632848394003261e-01 9.298677170932260205e-01 3.003862318468272230e-01 4.294237726114101261e-01 1.950185586913317504e-01 8.134966311282654239e-01 8.499450704421271929e-01 2.431464775092803121e-01 3.693178271396503898e-01 8.658879745072287637e-01 7.138941079059405448e-01 4.323430745335038461e-01 7.477243155377147898e-01 8.842522922950039055e-01 8.820042911368800587e-01 5.242158004540039551e-01 8.562225644021246307e-01 8.593062417004243558e-01 6.366863992925365645e-01 5.702841965054787909e-01 5.674835235022185342e-01 5.231541500541653233e-01 6.580800074271184741e-01 4.687390326217337755e-01 8.014589949670309910e-01 2.797975107208056644e-01 3.937667645469253297e-01 4.453554357658631724e-01 8.948352689896801326e-01 7.288819924538956219e-01 7.116622050485614803e-01 7.445034113889910099e-01 7.842795174267093161e-01 7.642816803105897394e-01 6.886276624218621301e-01 6.842645446968318446e-01 8.348530876381122789e-01 5.808969412254020304e-01 6.120128856571617204e-01 3.445450571177479659e-01 5.819367396169934370e-01 6.754766199979752583e-01 5.739635607666486727e-01 7.806971016999911805e-01 4.304628096148732652e-01 6.690088545537326015e-01 9.211833681877619195e-01
3.574432970064069237e-01 3.749317764152279020e-01 5.259872892048315096e-01 1.000000000000000000e+00 4.255938659568916926e-01 3.243202501398734783e-01 4.310409535477093823e-01 2.740072135931121977e-01 3.406738020820105906e-01 5.393616939830924162e-01 3.886582819949198631e-01 3.806754668083816573e-01 2.226019310750676772e-01 4.051393383508901658e-01 3.697157312539338658e-01 3.101130425214847497e-01 3.143041895685632636e-01 3.302573204955196462e-01 3.488852083745134225e-01 3.643056964315405932e-01 4.432639898273689205e-01 3.538056495725631634e-01 5.119805150126166549e-01 5.631544510176806906e-01 3.495149326747984397e-01 3.765302097431159623e-01 2.770639314409426568e-01 5.190615921719015091e-01 4.914144521525677933e-01 4.819048985727074630e-01 5.163586923664287287e-01 5.721971780132670826e-01 5.316800641819818818e-01 5.139443480950762755e-01 5.740108582722868169e-01 2.730155058111278232e-01 2.598349694958621559e-01 3.796845043085232962e-01 3.194091974555300917e-01 3.102135762450471401e-01 3.978575475590811483e-01 4.921580433072661465e-01 2.322233996810841306e-01 3.021236175627578513e-01 2.453508226230894373e-01 2.462871712247970968e-01 3.985575794076370859e-01 3.325678235540386884e-01 3.125780189765195449e-01 2.663682971183263803e-01 2.982436834866248887e-01 4.637107495327925100e-01
8.904831537043714773e-01 4.041319437905310785e-01 8.293876148521878156e-01 4.255938659568916926e-01 1.000000000000000000e+00 8.246313002412313242e-01 8.018315185889376417e-01 2.211583667718128587e-01 5.477991114533605765e-01 2.272179036043815992e-01 9.142633554354820946e-01 8.304085054178613756e-01 1.749163230925768753e-01 2.673014915127867597e-01 8.932537066704474560e-01 7.792276498562561438e-01 4.265738848034174024e-01 8.152003551878432841e-01 8.868596733205533766e-01 7.982317159891031411e-01 4.501076564740689179e-01 7.576722365427476236e-01 8.566645585225098891e-01 4.674673909129599680e-01 4.974546082092011212e-01 4.687859682113763027e-01 6.291658407456854896e-01 7.971702894875791756e-01 5.168113743132800586e-01 8.432003687660826197e-01 2.291959761409464724e-01 2.572313016904618221e-01 4.138479940675595103e-01 8.997125363181204261e-01 7.245178379171852701e-01 6.498764459952669492e-01 7.129244318533354274e-01 8.961194126426337281e-01 7.640285383725854418e-01 7.005089842388512178e-01 8.119751683347388171e-01 8.704388998753151974e-01 6.473480227309047486e-01 7.712095866571129221e-01 1.973664006713537755e-01 4.855421504153054624e-01 7.909093680246064295e-01 6.226122481978862977e-01 8.170871630531678642e-01 4.423916314451590837e-01 4.917455110722634415e-01 8.149926516242290697e-01
8.878968958792073929e-01 5.529592164263472664e-01 8.276632848394003261e-01 3.243202501398734783e-01 8.246313002412313242e-01 1.000000000000000000e+00 8.855015668642469695e-01 3.554338171410429958e-01 5.088521701316446322e-01 3.868325767167586360e-01 8.230403968254488278e-01 9.201737331185638746e-01 2.380372118170870632e-01 3.548575767437214812e-01 8.121737190494534575e-01 8.683055765670545378e-01 6.307122394039769153e-01 8.017441201403553430e-01 9.191309913845805424e-01 8.849425395914831682e-01 6.313139717029173648e-01 8.193470588155709056e-01 8.374953619886298384e-01 6.442120303995739761e-01 7.021181642765133013e-01 6.838820614126733810e-01 7.597405744642381498e-01 6.727592628836791544e-01 5.401168592571580218e-01 6.951404476091285201e-01 3.579732686908116412e-01 4.013338642896471797e-01 4.217215210124947711e-01 8.217745069134673175e-01 5.788178317616955448e-01 8.359630313223792575e-01 8.835426947897755401e-01 8.003990126547635420e-01 8.680327115944905803e-01 8.221560020289261361e-01 6.983572332076234401e-01 7.912040866879045398e-01 7.734842880672104792e-01 7.048723853431467790e-01 2.866166060512702618e-01 6.789743356510339334e-01 6.568268322158153927e-01 7.555083825704851375e-01 9.813187845059644365e-01 5.481667198199321467e-01 6.304208726625047943e-01 8.638154574181641232e-01
9.157765861997075874e-01 4.117984753563216360e-01 9.298677170932260205e-01 4.310409535477093823e-01 8.018315185889376417e-01 8.855015668642469695e-01 1.000000000000000000e+00 3.187438375595696427e-01 5.467827910899787369e-01 3.879870672401966036e-01 8.187565168267268989e-01 8.971234053576929712e-01 2.705066573765397830e-01 3.825632693801148676e-01 8.605802425908697373e-01 8.173507398495324372e-01 6.111597420195424846e-01 8.088462435390888494e-01 9.131478777924001422e-01 9.136941784467872418e-01 5.569258450130070148e-01 8.767247750079038005e-01 8.481013406153286027e-01 6.592176577586958963e-01 7.085526139400007972e-01 6.959249783204494166e-01 6.986171145153535766e-01 6.091373487087970995e-01 5.746512722331784673e-01 7.535214417669832132e-01 3.092845859904670980e-01 4.060161729083124338e-01 4.968546282334668773e-01 8.668267020816760038e-01 6.638068391026439308e-01 8.393227457395009417e-01 8.060863377464196899e-01 7.812827990668731459e-01 8.335857002378688208e-01 7.735647850719451490e-01 6.818984200660569428e-01 8.306362714324818652e-01 7.321466544710524271e-01 6.883228403528988126e-01 2.408417970669423924e-01 6.911833311514951061e-01 6.979125972714388393e-01 7.369283841864625595e-01 8.621368848533176310e-01 5.790712905830950330e-01 7.086032041748098198e-01 9.117720962127736639e-01
2.914319800096267787e-01 2.446833405565685127e-01 3.003862318468272230e-01 2.740072135931121977e-01 2.211583667718128587e-01 3.554338171410429958e-01 3.187438375595696427e-01 1.000000000000000000e+00 4.299158561387854682e-01 2.619727915879009883e-01 2.566743778795216313e-01 3.077230648001847979e-01 3.581127940959052403e-01 2.543322092288085035e-01 2.341160275798159218e-01 2.518554899120059032e-01 2.329180556779105737e-01 2.886059139042498889e-01 2.803662805908904709e-01 3.375498005628186915e-01 2.143130518183629929e-01 3.277741404445496665e-01 3.393145962280779693e-01 2.152747049156025494e-01 2.941420313552692289e-01 3.192843611949708338e-01 2.444987382193679615e-01 2.572065741263441230e-01 2.644578818649792606e-01 3.075747628561148472e-01 2.348931856196870283e-01 2.424456593959947170e-01 1.742731110430869035e-01 2.644910248354859772e-01 3.298787112274238487e-01 3.558898566546233599e-01 2.859766508275394803e-01 2.474857314345587367e-01 2.996974918830198620e-01 2.880188163447219285e-01 3.173688912665269535e-01 2.980689972825431577e-01 2.092195825694479205e-01 3.152666417489561335e-01 5.414479951100956701e-01 2.246413945144101476e-01 3.338819086733023078e-01 3.174583421756245749e-01 3.185245182535253461e-01 2.791515821399397357e-01 5.796432726534417323e-01 3.152332875810392454e-01
6.584141575362216781e-01 4.357639362808070072e-01 4.294237726114101261e-01 3.406738020820105906e-01 5.477991114533605765e-01 5.088521701316446322e-01 5.467827910899787369e-01 4.299158561387854682e-01 1.000000000000000000e+00 6.570646882973979475e-01 7.426825570048097847e-01 5.681222186776599958e-01 5.604823959163168778e-01 5.373943075291651716e-01 6.572685736989470895e-01 7.151418631490220612e-01 6.032791294328777587e-01 7.571218245133957137e-01 5.970113663209932753e-01 4.842124870990006102e-01 3.659718170282943439e-01 4.553891119078513072e-01 3.390434626546918184e-01 3.379331312859690239e-01 6.748540136976945991e-01 6.505171655124344365e-01 7.034318085316573210e-01 3.390911480248532395e-01 6.136235043721053328e-01 7.280957904878909703e-01 3.536344207326554967e-01 3.749561490877786896e-01 3.291068898954410127e-01 6.268440099290232270e-01 6.979310395300846181e-01 6.682813884047221764e-01 4.151594719829352353e-01 7.676199871683180298e-01 6.739541667532777947e-01 6.646798522444152812e-01 7.575862210990375045e-01 7.217393858224725456e-01 6.579867083771264724e-01 8.682408390162678069e-01 1.969327274078394585e-01 4.453225389325997097e-01 7.980217290710102107e-01 7.566634307431671091e-01 5.838703678302926692e-01 7.294233455115822773e-01 4.997687276988777572e-01 4.004443005155647328e-01
4.107468395861131882e-01 6.407435946046308173e-01 1.950185586913317504e-01 5.393616939830924162e-01 2.272179036043815992e-01 3.868325767167586360e-01 3.879870672401966036e-01 2.619727915879009883e-01 6.570646882973979475e-01 1.000000000000000000e+00 3.817042487904943049e-01 4.305811883508380289e-01 4.906524893900497397e-01 6.182442325995808341e-01 3.486397577154968785e-01 5.574778155617201580e-01 4.971980274897988550e-01 4.878363558011721279e-01 4.142002308722338433e-01 2.826128891329874881e-01 5.110809999171967988e-01 3.257455671796106733e-01 2.640387051581090661e-01 4.490740760199250503e-01 5.271362321423999076e-01 4.952131287531858495e-01 6.756015697311418267e-01 2.959889942062970403e-01 7.440811093076876714e-01 2.926748045086169925e-01 6.943098427133366224e-01 7.478748229208567189e-01 5.689084021699796212e-01 2.903295469575098431e-01 3.072397734801254887e-01 5.058858923610520808e-01 2.903311337090463962e-01 3.756445772875524614e-01 5.037401204387711440e-01 5.209990034593848796e-01 3.398257792379885678e-01 3.826799061567361382e-01 5.897837237024308177e-01 5.990764733515105966e-01 3.262299947016039647e-01 3.406193010234032648e-01 3.914376722342121639e-01 6.086780972213607921e-01 4.498847780122117723e-01 6.597740962448029878e-01 3.550621292784799099e-01 3.172837947234069533e-01
9.414289298076025103e-01 4.942380550863483268e-01 8.134966311282654239e-01 3.886582819949198631e-01 9.142633554354820946e-01 8.230403968254488278e-01 8.187565168267268989e-01 2.566743778795216313e-01 7.426825570048097847e-01 3.817042487904943049e-01 1.000000000000000000e+00 8.588673517890614839e-01 2.923546111574221174e-01 2.181998739626482831e-01 9.449091029756232496e-01 8.664497805001137865e-01 5.364565519368442725e-01 9.390197432681084422e-01 9.036666405330335827e-01 7.928914342593967879e-01 3.253455652235483497e-01 7.412008165544637928e-01 7.659861116069544007e-01 3.559277076092317027e-01 6.153266979731517594e-01 5.761777182494552951e-01 7.630668132777732593e-01 6.946534143414808682e-01 5.502354227333541292e-01 8.962450041984298954e-01 2.574257786291148653e-01 2.209935765332363966e-01 2.758820525835359860e-01 9.167427467017659204e-01 7.782042016031524012e-01 7.463761945209090864e-01 7.246977960059172164e-01 9.719565466270759790e-01 8.435046678527763353e-01 7.920465919647893260e-01 8.899693165269579875e-01 9.395097515531903865e-01 7.346982472878688109e-01 9.062882526095280555e-01 2.067438534610808731e-01 5.638602376524117776e-01 8.909473033629141669e-01 7.718560591640032387e-01 8.550500444933336608e-01 6.147761835248473083e-01 5.519122769451512145e-01 7.666978994334735509e-01
9.073135344463241214e-01 4.652438287186859700e-01 8.499450704421271929e-01 3.806754668083816573e-01 8.304085054178613756e-01 9.201737331185638746e-01 8.971234053576929712e-01 3.077230648001847979e-01 5.681222186776599958e-01 4.305811883508380289e-01 8.588673517890614839e-01 1.000000000000000000e+00 2.946138493182962059e-01 3.737651065797336636e-01 8.278424653135886269e-01 8.192792142645544118e-01 6.409349686635880117e-01 8.506454133150891384e-01 8.898456012267962345e-01 9.097549027170832581e-01 6.337904570906146562e-01 7.915886989071801993e-01 8.658727310997749171e-01 6.601368626267924977e-01 6.549453534386898701e-01 6.400170034022368837e-01 7.246508339555637335e-01 6.511314056167379904e-01 5.183811720268957091e-01 7.353898546117400015e-01 3.558239156982671569e-01 4.603208640367502102e-01 5.148586823372698351e-01 8.539265123985451122e-01 6.256062131284948480e-01 8.219324992380574457e-01 8.417627984649165285e-01 8.336149770015982563e-01 8.385087347671797975e-01 7.836812104040175031e-01 7.560283429142493627e-01 8.569708874388569653e-01 7.013100355698164146e-01 7.637592859237833931e-01 2.039616677589774774e-01 8.034302011411820210e-01 7.170738427361090794e-01 7.378117835731827778e-01 9.090350847499851783e-01 5.530948506716563129e-01 7.051061325344623043e-01 9.077845235767110221e-01
3.341751177390505645e-01 2.942026857962157238e-01 2.431464775092803121e-01 2.226019310750676772e-01 1.749163230925768753e-01 2.380372118170870632e-01 2.705066573765397830e-01 3.581127940959052403e-01 5.604823959163168778e-01 4.906524893900497397e-01 2.923546111574221174e-01 2.946138493182962059e-01 1.000000000000000000e+00 7.441114696440810361e-01 2.780427195628378811e-01 2.860623036816767883e-01 2.743451551200980498e-01 3.600873730910976178e-01 2.891093231099661764e-01 2.469838307041288261e-01 5.260772267314605122e-01 2.968460722465508517e-01 2.782690406766815117e-01 4.490103551810262217e-01 3.209105354950739786e-01 3.054431887077888597e-01 3.447017213037847361e-01 3.434253083273718921e-01 4.990579722808352048e-01 2.571472484026636751e-01 2.428059921917195274e-01 2.873796642673911994e-01 3.253828865898891198e-01 2.504412648735211411e-01 2.661005818353685548e-01 3.194039182733851567e-01 1.481025626388525473e-01 2.904994284337242827e-01 3.180215785983028232e-01 3.137327093776573483e-01 3.579723151399051839e-01 2.934914146539483459e-01 3.087575713432085811e-01 4.233436347198034078e-01 3.270552864183136621e-01 2.979600245174111595e-01 3.466476500487097323e-01 3.773152807750542181e-01 2.536722870935635976e-01 3.944414590618459115e-01 2.325569820754427586e-01 2.806720248774072224e-01
3.385307872443336086e-01 2.458672563537873113e-01 3.693178271396503898e-01 4.051393383508901658e-01 2.673014915127867597e-01 3.548575767437214812e-01 3.825632693801148676e-01 2.543322092288085035e-01 5.373943075291651716e-01 6.182442325995808341e-01 2.181998739626482831e-01 3.737651065797336636e-01 7.441114696440810361e-01 1.000000000000000000e+00 2.386072137343976662e-01 2.775168844189275230e-01 3.132786021347536698e-01 2.799127559537363807e-01 3.434763886871984861e-01 3.845593724120802137e-01 7.472498718186778577e-01 3.190269638615451098e-01 4.600279086425624331e-01 6.747749308481927333e-01 3.237632107857996711e-01 3.265077105844418348e-01 2.565992106199223577e-01 5.718083888831018147e-01 5.821759188520888584e-01 2.425557842820786070e-01 2.591358413111811143e-01 3.864767810349272747e-01 5.754269877787208110e-01 2.371618102369391912e-01 2.681604928265530763e-01 3.853308547224347791e-01 3.001395362642679254e-01 2.309954276339223900e-01 3.817794848383936346e-01 3.760462310126814200e-01 2.166594995348180563e-01 2.522018699972192746e-01 2.897836893157751392e-01 3.330299194964316811e-01 2.388933320059512533e-01 3.581238044771556939e-01 2.880485956746869913e-01 3.230233336642760467e-01 2.892669023904430037e-01 4.351230706786983204e-01 3.078110333357525485e-01 4.210371906337097569e-01
9.413034986352444289e-01 4.137913838306845338e-01 8.658879745072287637e-01 3.697157312539338658e-01 8.932537066704474560e-01 8.121737190494534575e-01 8.605802425908697373e-01 2.341160275798159218e-01 6.572685736989470895e-01 3.486397577154968785e-01 9.449091029756232496e-01 8.278424653135886269e-01 2.780427195628378811e-01 2.386072137343976662e-01 1.000000000000000000e+00 8.034179612950186344e-01 4.478346147584205683e-01 8.889771971518158900e-01 9.077850290098019581e-01 8.159628369853663132e-01 3.622509310387486692e-01 7.990618474290742679e-01 7.808141711887400804e-01 4.051505953709039209e-01 5.540036339187380809e-01 5.170511042864167628e-01 6.978131146189590073e-01 6.671131403507825075e-01 5.045587810380142146e-01 8.696281155528525764e-01 2.199949099090127425e-01 2.021527122863185089e-01 3.130410722640361021e-01 9.145134447828807689e-01 7.517804741269193958e-01 7.249185195590737152e-01 6.959265772903480141e-01 9.253337337276655861e-01 8.021084801110874851e-01 7.364397610416516526e-01 8.202055602660451861e-01 9.074592233521244777e-01 6.755674571265652961e-01 8.404543466958324105e-01 2.700902984977491261e-01 5.249393747540024302e-01 8.264598277983771224e-01 6.816272475776448125e-01 8.190408910721042046e-01 5.785675997394590375e-01 5.410066751246518368e-01 8.130224399670127333e-01
8.885179516046083359e-01 6.747230254696849894e-01 7.138941079059405448e-01 3.101130425214847497e-01 7.792276498562561438e-01 8.683055765670545378e-01 8.173507398495324372e-01 2.518554899120059032e-01 7.151418631490220612e-01 5.574778155617201580e-01 8.664497805001137865e-01 8.192792142645544118e-01 2.860623036816767883e-01 2.775168844189275230e-01 8.034179612950186344e-01 1.000000000000000000e+00 7.425625794073459351e-01 8.774802226513849224e-01 9.161282685930652869e-01 7.328728825861412499e-01 3.672143801635979754e-01 7.872540790063764504e-01 6.489623544919354003e-01 3.669704667044768609e-01 8.491126427859522208e-01 8.053471790441532052e-01 9.248942969979065953e-01 5.723397364934992293e-01 7.355365853866872028e-01 7.270726501116181462e-01 4.315765442945637131e-01 3.965361237914716841e-01 2.206114664620799914e-01 8.024623823873205941e-01 6.433830310821883058e-01 8.838619826129762158e-01 8.107923388579070245e-01 8.413132291031060195e-01 9.365771848074174732e-01 9.122421300803942312e-01 7.735468732274961567e-01 8.224803979490774575e-01 9.285329495673929623e-01 8.136889937053976007e-01 1.920986652814037909e-01 6.315295163881617935e-01 7.536928815075050192e-01 9.466636422737384482e-01 9.137445572218281242e-01 7.781271266193878766e-01 5.480160475514702645e-01 6.861568588955191395e-01
5.803552348309044540e-01 5.582117382598331679e-01 4.323430745335038461e-01 3.143041895685632636e-01 4.265738848034174024e-01 6.307122394039769153e-01 6.111597420195424846e-01 2.329180556779105737e-01 6.032791294328777587e-01 4.971980274897988550e-01 5.364565519368442725e-01 6.409349686635880117e-01 2.743451551200980498e-01 3.132786021347536698e-01 4.478346147584205683e-01 7.425625794073459351e-01 1.000000000000000000e+00 6.028636870062685782e-01 6.045442312605807667e-01 5.881805368178451010e-01 4.710402970391021626e-01 5.309999186382617919e-01 4.216911138187360852e-01 3.736283881543011609e-01 8.365485000465685550e-01 8.395453732707970351e-01 7.297358053543879786e-01 2.466486237799434822e-01 6.758969921531682301e-01 4.236428728743447114e-01 3.876676024569137846e-01 4.218708561845607719e-01 3.651296651086328171e-01 4.477386596604516766e-01 3.835661926754213580e-01 7.592821641257888610e-01 6.704734583341478427e-01 4.841265107388665889e-01 7.112546253445285460e-01 7.229935344230540295e-01 4.105663346496539190e-01 5.060844430971835894e-01 8.033296594734419260e-01 5.791584497575235080e-01 1.553938397988186837e-01 7.230181016644176006e-01 5.174765036710338162e-01 7.934186956605947527e-01 6.514707488153373971e-01 6.024075433331348428e-01 6.572059318591874089e-01 5.443081660363721097e-01
9.318937109700062837e-01 5.437022098591064445e-01 7.477243155377147898e-01 3.302573204955196462e-01 8.152003551878432841e-01 8.017441201403553430e-01 8.088462435390888494e-01 2.886059139042498889e-01 7.571218245133957137e-01 4.878363558011721279e-01 9.390197432681084422e-01 8.506454133150891384e-01 3.600873730910976178e-01 2.799127559537363807e-01 8.889771971518158900e-01 8.774802226513849224e-01 6.028636870062685782e-01 1.000000000000000000e+00 8.740419038113641514e-01 7.816593761295311804e-01 3.148695142945419079e-01 7.249214030739221659e-01 6.935637876484219699e-01 3.269058124625702222e-01 6.956369855599746632e-01 6.609855857387435529e-01 8.173872336514866888e-01 5.889871474809564855e-01 5.857391543367602704e-01 8.341927573156237008e-01 2.694646100836324276e-01 2.330517773421421635e-01 2.908836225897304395e-01 8.417085351258060122e-01 7.104962610930762867e-01 8.109789565784706333e-01 7.236910348817614524e-01 9.157861711672300453e-01 8.726435933127933975e-01 8.320469643167803797e-01 8.511180519948711165e-01 9.091445151287992354e-01 7.700436041187548319e-01 9.033577570803206225e-01 1.973397848613563932e-01 6.333065878538766125e-01 8.723514163706846958e-01 8.369317111452921898e-01 8.527021187308472250e-01 6.888868729233864618e-01 5.749269625169075582e-01 7.103315288135290118e-01
9.675638653249130083e-01 5.586390486782305542e-01 8.842522922950039055e-01 3.488852083745134225e-01 8.868596733205533766e-01 9.191309913845805424e-01 9.131478777924001422e-01 2.803662805908904709e-01 5.970113663209932753e-01 4.142002308722338433e-01 9.036666405330335827e-01 8.898456012267962345e-01 2.891093231099661764e-01 3.434763886871984861e-01 9.077850290098019581e-01 9.161282685930652869e-01 6.045442312605807667e-01 8.740419038113641514e-01 1.000000000000000000e+00 8.647901294152676721e-01 5.050108337935632630e-01 8.800103665753502558e-01 8.256471586713975963e-01 5.197211058758754998e-01 7.134452374020976428e-01 6.801360927131566703e-01 8.139886405290546190e-01 6.935696170828409279e-01 6.216087747071651348e-01 7.877765162923295872e-01 3.394550514444965028e-01 3.250064717010563431e-01 3.311922890413031006e-01 8.896983853826265776e-01 6.814969676025235401e-01 8.649508362247756432e-01 8.475117462574689453e-01 8.770814777608015866e-01 9.329468533863450874e-01 8.864988191190392719e-01 7.694238680599482239e-01 8.716284430921941162e-01 8.343675611401624170e-01 7.824004623522191615e-01 2.512163429410658178e-01 6.217869782145007962e-01 7.531907072878368803e-01 7.971002749284522571e-01 9.163573832146977294e-01 6.315166353190686532e-01 6.011065501985148885e-01 8.645274581991971852e-01
8.810151784015219922e-01 3.311497753802871702e-01 8.820042911368800587e-01 3.643056964315405932e-01 7.982317159891031411e-01 8.849425395914831682e-01 9.136941784467872418e-01 3.375498005628186915e-01 4.842124870990006102e-01 2.826128891329874881e-01 7.928914342593967879e-01 9.097549027170832581e-01 2.469838307041288261e-01 3.845593724120802137e-01 8.159628369853663132e-01 7.328728825861412499e-01 5.881805368178451010e-01 7.816593761295311804e-01 8.647901294152676721e-01 1.000000000000000000e+00 6.584465194556919920e-01 8.195030990263879600e-01 8.363147778305133340e-01 6.818529447603842719e-01 6.518003124701261530e-01 6.599849799543111573e-01 5.795099667878658156e-01 5.943886119924438605e-01 4.725561478697344331e-01 7.288950785882724048e-01 2.417644896621540251e-01 3.634044275775509814e-01 5.212913738473008429e-01 8.163660840767844595e-01 6.149612986565506922e-01 7.661109880430793106e-01 8.278076078418071804e-01 7.514419437345496444e-01 8.079623139015966737e-01 7.483552431257561866e-01 6.821953307384633902e-01 7.999931634948997949e-01 6.237471442331264937e-01 6.603799389376473483e-01 2.650311307760425117e-01 7.103837049305337104e-01 6.787196843945553226e-01 6.541165723689743583e-01 8.463223839077684829e-01 4.459224180645300351e-01 7.529933140078677312e-01 9.194679412784777517e-01
4.725699040331917122e-01 1.994525427050321265e-01 5.242158004540039551e-01 4.432639898273689205e-01 4.501076564740689179e-01 6.313139717029173648e-01 5.569258450130070148e-01 2.143130518183629929e-01 3.659718170282943439e-01 5.110809999171967988e-01 3.253455652235483497e-01 6.337904570906146562e-01 5.260772267314605122e-01 7.472498718186778577e-01 3.622509310387486692e-01 3.672143801635979754e-01 4.710402970391021626e-01 3.148695142945419079e-01 5.050108337935632630e-01 6.584465194556919920e-01 1.000000000000000000e+00 5.118920294527380399e-01 6.321343077218118944e-01 7.800256334073278897e-01 4.008286106998353859e-01 4.395943754660894820e-01 2.122410435533567674e-01 5.748791403776327691e-01 4.073728361279410071e-01 2.625317432138820628e-01 2.221656627563625142e-01 4.010088473992702296e-01 5.939003314230804076e-01 4.132495677328893446e-01 2.211784245123871173e-01 4.841665871161168755e-01 6.019501461667978726e-01 3.113617451424939842e-01 5.012786441600219911e-01 4.926414503514734422e-01 2.247853217495012490e-01 3.579741552607369481e-01 3.431221391041046065e-01 2.882031757487762968e-01 1.438650081630219735e-01 5.577050766157641837e-01 2.169568257010787149e-01 3.240932289132134603e-01 5.425870795190400608e-01 2.743980563227154668e-01 4.611459520365779885e-01 6.712331747350880340e-01
8.541663177155096598e-01 3.871042698251231373e-01 8.562225644021246307e-01 3.538056495725631634e-01 7.576722365427476236e-01 8.193470588155709056e-01 8.767247750079038005e-01 3.277741404445496665e-01 4.553891119078513072e-01 3.257455671796106733e-01 7.412008165544637928e-01 7.915886989071801993e-01 2.968460722465508517e-01 3.190269638615451098e-01 7.990618474290742679e-01 7.872540790063764504e-01 5.309999186382617919e-01 7.249214030739221659e-01 8.800103665753502558e-01 8.195030990263879600e-01 5.118920294527380399e-01 1.000000000000000000e+00 7.800326268757942216e-01 5.740444589796764863e-01 6.822024582773836832e-01 6.614969982603741139e-01 6.684233779252778396e-01 5.857358681500044462e-01 5.504669961058271666e-01 6.704920875339661634e-01 2.874944129116861480e-01 3.237632737965791541e-01 3.887441322284681533e-01 7.864421782830074426e-01 5.888748237321114187e-01 7.678376029585124440e-01 7.700924765864985977e-01 7.087768396738969301e-01 7.977988689110976361e-01 7.452906770759695210e-01 6.093026320996695055e-01 7.364070801432872626e-01 7.090008029388961130e-01 6.161203999753941396e-01 2.592205459046409977e-01 5.941530253497518954e-01 5.741447139739288552e-01 6.861836216038533776e-01 7.967209622425075466e-01 5.959438589305050549e-01 6.187139559921904786e-01 8.232750057035562730e-01
8.196927440672343579e-01 2.801108453967094958e-01 8.593062417004243558e-01 5.119805150126166549e-01 8.566645585225098891e-01 8.374953619886298384e-01 8.481013406153286027e-01 3.393145962280779693e-01 3.390434626546918184e-01 2.640387051581090661e-01 7.659861116069544007e-01 8.658727310997749171e-01 2.782690406766815117e-01 4.600279086425624331e-01 7.808141711887400804e-01 6.489623544919354003e-01 4.216911138187360852e-01 6.935637876484219699e-01 8.256471586713975963e-01 8.363147778305133340e-01 6.321343077218118944e-01 7.800326268757942216e-01 1.000000000000000000e+00 7.322847575538844467e-01 4.567510398631087765e-01 4.613913171135333724e-01 4.763589580399661960e-01 8.340400048971100544e-01 4.566806355973814235e-01 6.832943291195601176e-01 2.982365770968864460e-01 4.075689844640009718e-01 6.371883875822987875e-01 8.142100744224949338e-01 5.749494786944081559e-01 6.399112479966396760e-01 7.549376808218972723e-01 7.366914260228401012e-01 6.943247248266511962e-01 6.188550498078631001e-01 6.194817978985140972e-01 7.524498751267936214e-01 5.128184514509840364e-01 5.861407393481407047e-01 2.857242701014705566e-01 6.326975565953817382e-01 5.944039363210135152e-01 4.938777570291463248e-01 7.882238740070808269e-01 2.976381680800769813e-01 6.100777071921553718e-01 8.738340289772940084e-01
4.884780383095347900e-01 1.301410407115942414e-01 6.366863992925365645e-01 5.631544510176806906e-01 4.674673909129599680e-01 6.442120303995739761e-01 6.592176577586958963e-01 2.152747049156025494e-01 3.379331312859690239e-01 4.490740760199250503e-01 3.559277076092317027e-01 6.601368626267924977e-01 4.490103551810262217e-01 6.747749308481927333e-01 4.051505953709039209e-01 3.669704667044768609e-01 3.736283881543011609e-01 3.269058124625702222e-01 5.197211058758754998e-01 6.818529447603842719e-01 7.800256334073278897e-01 5.740444589796764863e-01 7.322847575538844467e-01 1.000000000000000000e+00 4.190863402153393591e-01 4.559587324058979041e-01 2.059817890296911369e-01 6.223361068834378784e-01 3.702443838843900714e-01 3.402660061918152401e-01 3.116427177037818241e-01 4.696402023901080081e-01 6.618884584889915823e-01 4.749108783301244641e-01 3.059749304905419187e-01 5.143268381108669907e-01 6.329650697399754611e-01 3.271281134108031674e-01 4.600730114795570369e-01 4.018716896699100483e-01 2.519368798856712055e-01 4.124196622190707262e-01 2.933819113032567483e-01 2.659795110885061487e-01 1.361479116877790385e-01 5.119951532360673685e-01 2.683178473738561665e-01 3.060091452052188243e-01 5.567255177260610477e-01 1.636217146872575579e-01 5.062292448599837735e-01 6.845274364093204555e-01
6.872765885699767541e-01 5.417158370231540676e-01 5.702841965054787909e-01 3.495149326747984397e-01 4.974546082092011212e-01 7.021181642765133013e-01 7.085526139400007972e-01 2.941420313552692289e-01 6.748540136976945991e-01 5.271362321423999076e-01 6.153266979731517594e-01 6.549453534386898701e-01 3.209105354950739786e-01 3.237632107857996711e-01 5.540036339187380809e-01 8.491126427859522208e-01 8.365485000465685550e-01 6.956369855599746632e-01 7.134452374020976428e-01 6.518003124701261530e-01 4.008286106998353859e-01 6.822024582773836832e-01 4.567510398631087765e-01 4.190863402153393591e-01 1.000000000000000000e+00 9.912983557352246233e-01 7.891017506562237882e-01 2.823972527975871505e-01 7.015307303020561491e-01 5.425597366643102326e-01 3.578459090073766169e-01 3.949269957520288310e-01 3.371106220516494334e-01 5.974718849672490117e-01 5.521454488261047233e-01 8.286145005674505626e-01 6.859116334714078222e-01 5.754688110017472935e-01 8.220838031134005686e-01 8.217522007187063604e-01 5.420243324912467076e-01 6.410838129312225186e-01 8.380196556292563992e-01 6.365028786918718318e-01 1.763127288429261197e-01 6.489891163924526030e-01 5.818465176889505708e-01 9.010373163001588193e-01 7.439362883855110686e-01 7.417439556635695430e-01 6.154389401092771328e-01 5.818082086998943581e-01
6.524657337788165590e-01 4.952644413862181683e-01 5.674835235022185342e-01 3.765302097431159623e-01 4.687859682113763027e-01 6.838820614126733810e-01 6.959249783204494166e-01 3.192843611949708338e-01 6.505171655124344365e-01 4.952131287531858495e-01 5.761777182494552951e-01 6.400170034022368837e-01 3.054431887077888597e-01 3.265077105844418348e-01 5.170511042864167628e-01 8.053471790441532052e-01 8.395453732707970351e-01 6.609855857387435529e-01 6.801360927131566703e-01 6.599849799543111573e-01 4.395943754660894820e-01 6.614969982603741139e-01 4.613913171135333724e-01 4.559587324058979041e-01 9.912983557352246233e-01 1.000000000000000000e+00 7.312872613259316923e-01 2.749105107337031506e-01 6.577301587372292868e-01 5.250970253906354079e-01 3.317067098478911902e-01 3.893842274001422799e-01 3.690354354674871273e-01 5.715690206692589648e-01 5.428303111955780080e-01 8.071945102969990682e-01 6.795560561570284097e-01 5.342406847452909613e-01 7.931812413919036020e-01 7.948718946805637398e-01 5.120057268399060835e-01 6.128369768500152581e-01 7.962275239101920254e-01 5.939494285523563288e-01 1.851842120709844830e-01 6.354782215366476805e-01 5.647372196519495624e-01 8.664068629795255161e-01 7.140644597537586513e-01 6.921304206895434463e-01 6.337763575745999356e-01 5.991492782882058554e-01
7.904423544437663152e-01 7.625174732542537859e-01 5.231541500541653233e-01 2.770639314409426568e-01 6.291658407456854896e-01 7.597405744642381498e-01 6.986171145153535766e-01 2.444987382193679615e-01 7.034318085316573210e-01 6.756015697311418267e-01 7.630668132777732593e-01 7.246508339555637335e-01 3.447017213037847361e-01 2.565992106199223577e-01 6.978131146189590073e-01 9.248942969979065953e-01 7.297358053543879786e-01 8.173872336514866888e-01 8.139886405290546190e-01 5.795099667878658156e-01 2.122410435533567674e-01 6.684233779252778396e-01 4.763589580399661960e-01 2.059817890296911369e-01 7.891017506562237882e-01 7.312872613259316923e-01 1.000000000000000000e+00 3.841158985503208556e-01 7.585245439031015335e-01 5.732349146315557364e-01 5.973141720928466514e-01 5.271177627968457458e-01 1.732958774848661898e-01 6.602034288217927260e-01 5.078331068608432641e-01 8.568786047058759570e-01 7.204829175918867623e-01 7.323872243713519525e-01 8.589620009008390733e-01 8.465538325802119957e-01 6.583684372644398319e-01 7.184567370101069272e-01 9.192739468154327298e-01 7.937913196074277700e-01 2.927450845639328891e-01 6.162065775131734258e-01 6.471430059492402354e-01 8.982680210892540762e-01 8.299524405003632088e-01 7.845664172241365586e-01 4.630136292841426360e-01 5.088360205256550195e-01
6.733916528175244443e-01 2.741946646809771404e-01 6.580800074271184741e-01 5.190615921719015091e-01 7.971702894875791756e-01 6.727592628836791544e-01 6.091373487087970995e-01 2.572065741263441230e-01 3.390911480248532395e-01 2.959889942062970403e-01 6.946534143414808682e-01 6.511314056167379904e-01 3.434253083273718921e-01 5.718083888831018147e-01 6.671131403507825075e-01 5.723397364934992293e-01 2.466486237799434822e-01 5.889871474809564855e-01 6.935696170828409279e-01 5.943886119924438605e-01 5.748791403776327691e-01 5.857358681500044462e-01 8.340400048971100544e-01 6.223361068834378784e-01 2.823972527975871505e-01 2.749105107337031506e-01 3.841158985503208556e-01 1.000000000000000000e+00 5.249365002200816477e-01 6.054567634509389062e-01 1.906483132385434209e-01 2.194537964932087304e-01 5.021632510508758918e-01 6.786249000955830724e-01 4.680909838049139848e-01 4.418559718207696330e-01 6.135008385749657345e-01 6.833008895075095568e-01 5.666604858546051560e-01 5.066464358070658092e-01 5.714228033166812715e-01 6.199048912198188432e-01 4.159520938023973935e-01 5.328708799759738213e-01 1.944368474930762702e-01 3.393141538740516716e-01 5.531991220817040755e-01 3.981094469573833172e-01 6.299755038251853012e-01 2.996770288820924666e-01 3.009534403167000716e-01 6.504200272247498971e-01
5.987442258849517973e-01 6.586094874365036045e-01 4.687390326217337755e-01 4.914144521525677933e-01 5.168113743132800586e-01 5.401168592571580218e-01 5.746512722331784673e-01 2.644578818649792606e-01 6.136235043721053328e-01 7.440811093076876714e-01 5.502354227333541292e-01 5.183811720268957091e-01 4.990579722808352048e-01 5.821759188520888584e-01 5.045587810380142146e-01 7.355365853866872028e-01 6.758969921531682301e-01 5.857391543367602704e-01 6.216087747071651348e-01 4.725561478697344331e-01 4.073728361279410071e-01 5.504669961058271666e-01 4.566806355973814235e-01 3.702443838843900714e-01 7.015307303020561491e-01 6.577301587372292868e-01 7.585245439031015335e-01 5.249365002200816477e-01 1.000000000000000000e+00 4.682773742250800342e-01 5.833509341774301138e-01 6.049036366089697303e-01 4.927784575168712156e-01 5.051467723954614630e-01 4.327385385892533742e-01 6.493100611546858136e-01 4.859603570416334839e-01 4.972105095925317686e-01 6.593687023469461117e-01 6.511278250593751649e-01 4.502057979131581789e-01 5.350547372464641294e-01 7.437898668278077885e-01 5.833735399905334296e-01 4.265044828199489046e-01 5.035490327630854912e-01 4.928589063809120097e-01 7.683003921967411776e-01 5.888401041954417492e-01 7.417824076202221839e-01 5.104046506842269126e-01 4.576749212772193709e-01
8.354181738077467445e-01 2.964304026752526133e-01 8.014589949670309910e-01 4.819048985727074630e-01 8.432003687660826197e-01 6.951404476091285201e-01 7.535214417669832132e-01 3.075747628561148472e-01 7.280957904878909703e-01 2.926748045086169925e-01 8.962450041984298954e-01 7.353898546117400015e-01 2.571472484026636751e-01 2.425557842820786070e-01 8.696281155528525764e-01 7.270726501116181462e-01 4.236428728743447114e-01 8.341927573156237008e-01 7.877765162923295872e-01 7.288950785882724048e-01 2.625317432138820628e-01 6.704920875339661634e-01 6.832943291195601176e-01 3.402660061918152401e-01 5.425597366643102326e-01 5.250970253906354079e-01 5.732349146315557364e-01 6.054567634509389062e-01 4.682773742250800342e-01 1.000000000000000000e+00 1.675912720649508914e-01 2.243424731838152830e-01 2.839960096169177328e-01 9.094728579918659461e-01 8.950012318652078580e-01 6.152893503398711994e-01 5.561098952629761616e-01 9.178976702118619713e-01 7.157920425241408591e-01 6.646477712060243626e-01 8.675348982286742450e-01 9.112022206535809188e-01 5.727241462711848419e-01 7.975651968226472599e-01 3.017816675630971557e-01 4.423078529589333230e-01 8.706820145237581521e-01 6.521656990701093504e-01 7.127256726067695558e-01 5.071523991962670896e-01 5.446080985254253548e-01 7.450445433106793747e-01
